$ANSIBLE_VAULT;1.1;AES256
63643966363038393832663466346235613466343963623861633039643636396563313938623134
3237353938346232373435643331653862623236366665370a313435663439333930663131323266
36613033393762623666613336303139633839386635643835363136653738303361343036636462
3966623165316532630a363662363135333362306437376463646433623064396535353030363637
37623761353466343038613236396136363266373635633630356366653736656133353365303339
65646130323832653033303561636233363038373463623339653162656439363230643666616130
38373638323331333964353766343335613536353635353330343631343432353366323431373932
66633937636565626562636334663831343364666334373761613038363161316636353932383166
38636465666665376235646561373561303038353238303430353637376235333734373631613034
33613734336166316262653466383463376565363131633563383966633031616366326632663661
63616363656631383738656337656534363263306235343663666437353164376636333232316265
66363638626236633632396336333736666630613938326165616164383964346663376439333537
30663263666139666533336436616662643463373162373766303536373834303336376535303133
33336262366336653164303439386436363664373765633932343030366361373034346130633632
32343538636135633730333665333466333364363930343934613664323461346562333834666435
36623463666332656438386161343762653266316339336161346464646461646464326332663238
65646162313335653535653761363037623632356232663835366339313839636137373831393236
62323863303834623134386363376633353535386138366331383739626436336566663638336564
38363038376432363765646533343332396432323962636237363833643030656434373035313639
31343734653831373763643236393065373836383030643864653837356263646161373339643732
61336637656361366364303737663438353463616261366463303037643664646631303661376539
38316465343839613163633936643133306538313836343534386164326163613133616534313832
63653936313233613466303665383034326536303231313938343738306261376538616332343330
65666265323266393732353135663034376435393037626433363234306634356237626532336462
62396333353531356261373835616264653364623664323465616562396136313235666165663262
36326162373666656637666231636465643965393934366664653565356532326634333039383366
313465636538633935616436383265653535
