$ANSIBLE_VAULT;1.1;AES256
37643434356565653761326139356665646433356633366364356333343731356262323132376431
3633346134306637373332323539663161393363623531650a306562616266336634613361356436
38336462656164663765326439326362336136633731306662396364343934386135383265616437
6533376365336663360a666666346439326262393365353165376463326265333338633538326134
61316234363661393964313237633735613466316463653064666664323133383433643366336464
30666537363739643364656535373438346237656361306331396337396136336430303036366637
35653239343632316337316438343132623139303263626366613438626634306537393466323261
33646139333531643537306633303237393466373138613565626635623964323734386133333437
65373164626438656334666237636639613935366330616633363565303239623965376434373061
35356432666135396632623732616465346639343733656362366364346561326638336466646630
37396334333732353732323136623230326664363739616436666635396164353862346234653733
39373766643133353838636665633662326135393333666566326336636330336362646135386339
38623764623231643031313439333131396637333163396637653266646632666331656130333637
36386162643134353731333933623332376463383461326635313438646538333762303938666236
34663734393861636266643337333635613333363264306463636333393432376136303832663130
64623762336330633734366562353234396365316430636664343963643964306633396263626165
30303934633938616337633066616438363366656231346165613730646261363238333530386134
61373035376463356132356165386231633731363135626336306134376431653765383530306463
61393662353034653534616665326539326633363861623036336430333234353937373037616162
66663939356233336538303633323437333536663461663164373936663861376663373064626464
32636332343466313236663466346531623862623835333036323239636465393537346362306363
61663230643465643365643462656464393732663930383664383863323433613065396430613635
66626530393731313332653531316532303334313131656362373137653939626235303061613139
34313562316466396661333965353031366362393264636430633562383734663465396537313365
63363166363561653031373336623036663933623235396661613930363837633736
